Dataset: protein_embeddings_prott5.csv
Params: {'depth': 7, 'iterations': 260, 'l2_leaf_reg': 7, 'learning_rate': 0.05}
MCC: 0.49872922746445514
Accuracy: 0.7490909090909091
Specificity: 0.7753623188405797
Sensitivity: 0.7226277372262774

Dataset: protein_embeddings_esm2.csv
Params: {'depth': 8, 'iterations': 408, 'l2_leaf_reg': 3, 'learning_rate': 0.15}
MCC: 0.49699954427398324
Accuracy: 0.7463768115942029
Specificity: 0.8115942028985508
Sensitivity: 0.6811594202898551

