Dataset: protein_embeddings_prott5.csv
Params: {'learning_rate': 0.15, 'max_depth': 7, 'max_features': 'log2', 'n_estimators': 156, 'subsample': 1.0}
MCC: 0.4699658145822278
Accuracy: 0.7345454545454545
Specificity: 0.7681159420289855
Sensitivity: 0.7007299270072993

Dataset: protein_embeddings_esm2.csv
Params: {'learning_rate': 0.01, 'max_depth': 9, 'max_features': 'sqrt', 'n_estimators': 437, 'subsample': 0.6}
MCC: 0.4585609509055085
Accuracy: 0.7282608695652174
Specificity: 0.7753623188405797
Sensitivity: 0.6811594202898551

