Dataset: protein_embeddings_prott5.csv
Params: {'colsample_bytree': 0.9, 'learning_rate': 0.2, 'max_depth': 9, 'n_estimators': 206, 'reg_alpha': 2, 'reg_lambda': 2, 'subsample': 0.7}
MCC: 0.4424129438274767
Accuracy: 0.72
Specificity: 0.7753623188405797
Sensitivity: 0.6642335766423357

Dataset: protein_embeddings_esm2.csv
Params: {'colsample_bytree': 0.6, 'learning_rate': 0.15, 'max_depth': 4, 'n_estimators': 121, 'reg_alpha': 2, 'reg_lambda': 1, 'subsample': 0.6}
MCC: 0.4500321964831445
Accuracy: 0.7246376811594203
Specificity: 0.7536231884057971
Sensitivity: 0.6956521739130435

