Dataset: protein_embeddings_prott5.csv
Params: {'C': 7.896910002727692, 'gamma': 0.606850157946487, 'kernel': 'rbf'}
MCC: 0.5296673602396983
Accuracy: 0.7644927536231884
Specificity: 0.7898550724637681
Sensitivity: 0.7391304347826086

Dataset: protein_embeddings_esm2.csv
Params: {'C': 1.9340450985343383, 'gamma': 0.31424224295953773, 'kernel': 'rbf'}
MCC: 0.5326082544852232
Accuracy: 0.7636363636363637
Specificity: 0.8321167883211679
Sensitivity: 0.6956521739130435

