Dataset: protein_embeddings_prott5.csv
Params: {'colsample_bytree': 1.0, 'gamma': 0.2, 'learning_rate': 0.01, 'max_depth': 6, 'n_estimators': 661, 'reg_alpha': 1, 'reg_lambda': 0.1, 'subsample': 0.7}
MCC: 0.43707292996442504
Accuracy: 0.7163636363636363
Specificity: 0.7898550724637681
Sensitivity: 0.6423357664233577

Dataset: protein_embeddings_esm2.csv
Params: {'colsample_bytree': 0.8, 'gamma': 0.3, 'learning_rate': 0.15, 'max_depth': 10, 'n_estimators': 604, 'reg_alpha': 0.5, 'reg_lambda': 2, 'subsample': 0.8}
MCC: 0.4592427176827301
Accuracy: 0.7282608695652174
Specificity: 0.782608695652174
Sensitivity: 0.6739130434782609

