Dataset: protein_embeddings_unirep.csv
Params: {'bootstrap': True, 'max_depth': 8, 'min_samples_leaf': 4, 'min_samples_split': 10, 'n_estimators': 293}
MCC: 0.38820742564357735
Accuracy: 0.6933139534883721
Specificity: 0.7383720930232558
Sensitivity: 0.6482558139534884

Dataset: protein_embeddings_prott5.csv
Params: {'bootstrap': True, 'max_depth': 9, 'min_samples_leaf': 4, 'min_samples_split': 10, 'n_estimators': 137}
MCC: 0.4324546236839133
Accuracy: 0.715843023255814
Specificity: 0.7456395348837209
Sensitivity: 0.686046511627907

Dataset: protein_embeddings_protbert.csv
Params: {'bootstrap': False, 'max_depth': 7, 'min_samples_leaf': 1, 'min_samples_split': 10, 'n_estimators': 171}
MCC: 0.41214682264653574
Accuracy: 0.7049418604651163
Specificity: 0.7572674418604651
Sensitivity: 0.6526162790697675

Dataset: protein_embeddings_esm2.csv
Params: {'bootstrap': False, 'max_depth': 7, 'min_samples_leaf': 1, 'min_samples_split': 2, 'n_estimators': 108}
MCC: 0.4550898853875176
Accuracy: 0.7245639534883721
Specificity: 0.8052325581395349
Sensitivity: 0.6438953488372093

