Dataset: protein_embeddings_unirep.csv
Params: {'colsample_bytree': 1.0, 'learning_rate': 0.05, 'max_depth': 10, 'n_estimators': 591, 'reg_alpha': 0.1, 'reg_lambda': 1, 'subsample': 1.0}
MCC: 0.4087935499535175
Accuracy: 0.7042151162790697
Specificity: 0.7252906976744186
Sensitivity: 0.6831395348837209

Dataset: protein_embeddings_prott5.csv
Params: {'colsample_bytree': 0.6, 'learning_rate': 0.1, 'max_depth': 5, 'n_estimators': 610, 'reg_alpha': 0.1, 'reg_lambda': 1, 'subsample': 0.9}
MCC: 0.48655386056507227
Accuracy: 0.7427325581395349
Specificity: 0.7761627906976745
Sensitivity: 0.7093023255813954

Dataset: protein_embeddings_protbert.csv
Params: {'colsample_bytree': 0.8, 'learning_rate': 0.15, 'max_depth': 9, 'n_estimators': 343, 'reg_alpha': 0, 'reg_lambda': 0.5, 'subsample': 1.0}
MCC: 0.46555908867434437
Accuracy: 0.7325581395348837
Specificity: 0.7543604651162791
Sensitivity: 0.7107558139534884

Dataset: protein_embeddings_esm2.csv
Params: {'colsample_bytree': 0.6, 'learning_rate': 0.15, 'max_depth': 4, 'n_estimators': 971, 'reg_alpha': 1, 'reg_lambda': 0.1, 'subsample': 0.7}
MCC: 0.5005417119681977
Accuracy: 0.75
Specificity: 0.7732558139534884
Sensitivity: 0.7267441860465116

